a)
eax: 0000 0000 0000 0000 0000 0000 0000 0000
mov eax, 4f682bh
eax: 0000 0000 0100 1111 0110 1000 0010 1011
mov ax, 19905
eax: 0000 0000 0100 1111 0100 1101 1100 0001
mov al, 130o
eax: 0000 0000 0100 1111 0100 1101 0101 1000
answer: 5197144

b)
eax: 0000 0000 0000 0000 0000 0000 0000 0000
mov eax, 99f6eeh
eax: 0000 0000 1001 1001 1111 0110 1110 1110
mov ax, 63172o
eax: 0000 0000 1001 1001 0110 0110 0111 1010
mov al, 99
eax: 0000 0000 1001 1001 0110 0110 0110 0011
answer: 10053219

c)
eax: 0000 0000 0000 0000 0000 0000 0000 0000
mov eax, 0db9fe3h
eax: 0000 0000 1101 1011 1001 1111 1110 0011
mov ax, 2486
eax: 0000 0000 1101 1011 0000 1001 1011 0110
mov ah, 5bh
eax: 0000 0000 1101 1011 0101 1011 1011 0110
answer: 14375862

d)
eax: 0000 0000 0000 0000 0000 0000 0000 0000
mov eax, $7f2176
eax: 0000 0000 0111 1111 0010 0001 0111 0110
mov ax, 62877
eax: 0000 0000 0111 1111 1111 0101 1001 1101
mov al, 134o
eax: 0000 0000 0111 1111 1111 0101 0101 1100
answer: 8385884

e)
eax: 0000 0000 0000 0000 0000 0000 0000 0000
mov eax, 0x55623b
eax: 0000 0000 0101 0101 0101 0110 0010 0011
mov ax, 31071
eax: 0000 0000 0101 0101 0111 1001 0101 1111
mov ah, 0c9h
eax: 0000 0000 0101 0101 1100 1001 0101 1111
answer: 5622111

f)
eax: 0000 0000 0000 0000 0000 0000 0000 0000
mov eax, 5e1bdah
eax: 0000 0000 0101 1110 0001 1011 1101 1010
mov ax, 45102
eax: 0000 0000 0101 1110 1011 0000 0010 1110
mov ah, $40
eax: 0000 0000 0101 1110 0100 0000 0010 1110
answer: 6176814
