a)
eax: 0001 0010 0011 0100 0101 0110 0111 1000
and
num: 0000 1100 1100 1100 1100 1100 1100 1100
ans: 0000 0000 0000 0100 0100 0100 0100 1000
0x44448

b)
eax: 0001 0010 0011 0100 0101 0110 0111 1000
and
num: 0011 0011 0011 0011 0011 0011 0011 0011
ans: 0001 0010 0011 0000 0001 0010 0011 0000
0x12301230

c)
eax: 0001 0010 0011 0100 0101 0110 0111 1000
or
num: 1100 1100 1100 1100 1100 1100 1100 1100
ans: 1101 1110 1111 1100 1101 1110 1111 1100
0xdefcdefc

d)
eax: 0001 0010 0011 0100 0101 0110 0111 1000
shl eax, 4
ans: 0010 0011 0100 0101 0110 0111 1000 0000
0x23456780

e)
eax: 0001 0010 0011 0100 0101 0110 0111 1000
shr eax, 4
ans: 0000 0001 0010 0011 0100 0101 0110 0111
0x01234567

f)
eax: 0000 0000 0000 0000 1111 0000 0000 0000
shr eax, 2
ans: 0000 0000 0000 0000 0011 1100 0000 0000
0x3c00

g)
eax: 1001 1010 1011 1100 1101 1110 1111 0001
shr eax, 16
ans: 0000 0000 0000 0000 1001 1010 1011 1100
0x9abc

h)
eax: 1001 1010 1011 1100 1101 1110 1111 0001
sar eax, 16
ans: 1111 1111 1111 1111 1001 1010 1011 1100
0xffff9abc

i)
eax: 0100 0101 0110 0111 1000 1010 1011 1100
sar eax, 16
ans: 0000 0000 0000 0000 0100 0101 0110 0111
0x4567

j)
eax: 1010 1011 1100 1101 1110 1111 0001 0010
ebx: 0011 0100 0101 0110 0111 1000 1001 1010
shl eax, 12
eax: 1101 1110 1111 0001 0010 0000 0000 0000
and eax, $00ff0000
num: 0000 0000 1111 1111 0000 0000 0000 0000
eax: 0000 0000 1111 0001 0000 0000 0000 0000
shr ebx, 20
ebx: 0000 0000 0000 0000 0000 0011 0100 0101
and ebx, $0ff
num: 0000 0000 0000 0000 0000 0000 1111 1111
ebx: 0000 0000 0000 0000 0000 0000 0100 0101
or eax, ebx
eax: 0000 0000 1111 0001 0000 0000 0000 0000
ebx: 0000 0000 0000 0000 0000 0000 0100 0101
ans: 0000 0000 1111 0001 0000 0000 0100 0101
0xf10045

k)
eax: 0001 0010 0011 0100 1010 1011 1100 1101
xor
num: 0011 0011 0011 0011 0011 0011 0011 0011
ans: 0010 0001 0000 0111 1001 1000 1111 1110
0x210798fe

l)
xor eax, eax
eax: 0000 0000 0000 0000 0000 0000 0000 0000 
not eax
eax: 1111 1111 1111 1111 1111 1111 1111 1111 
sal eax, 16
eax: 1111 1111 1111 1111 0000 0000 0000 0000
sar eax, 8
eax: 1111 1111 1111 1111 1111 1111 0000 0000
0xffffff00
